1 1 16 47 0 0 0
18 1 7 39 4 4 4
26 1 13 16 2 2 4
40 1 28 39 1 2 4
69 1 28 48 2 2 1
98 1 38 40 2 2 4
137 1 37 39 2 1 4
175 1 6 16 5 5 4
182 1 15 48 4 1 2
198 1 15 48 0 5 2
214 1 17 19 3 4 4
232 1 26 27 3 5 16
259 1 8 15 2 3 35
268 1 16 4 3 3 27
285 1 7 7 3 3 36
293 1 16 39 1 1 5
310 1 29 40 2 2 3
340 1 16 39 4 13 5
357 1 26 39 2 5 4
384 1 28 39 1 4 4
413 1 30 39 1 2 4
444 1 28 38 1 4 5
473 1 29 39 2 2 4
503 1 26 38 3 4 5
530 1 27 39 2 4 4
558 1 27 40 2 4 4
586 1 7 26 3 3 17
594 1 8 34 3 2 17
603 1 23 26 2 3 16
627 1 28 15 3 3 22
656 1 24 26 2 2 16
681 1 25 39 1 3 4
707 1 37 39 2 4 4
745 1 33 38 1 2 5
779 1 30 39 4 2 4
810 1 33 40 2 1 4
844 1 32 39 4 3 4
877 1 27 38 4 2 5
905 1 27 39 4 1 5
933 1 32 39 2 4 4
966 1 30 39 4 5 4
997 1 5 39 4 5 5
1003 1 21 39 1 5 4
1025 1 28 39 4 1 5
1054 1 27 39 4 1 4
1082 1 36 39 4 5 5
1119 1 30 39 4 5 5
1150 1 37 40 2 3 3
1188 1 30 40 4 2 4
1219 1 37 47 2 3 3
1257 1 30 40 4 2 4
1288 1 27 39 2 3 4
1316 1 33 39 0 2 5
1350 1 30 39 4 5 4
1381 1 33 39 1 1 4
1415 1 45 38 1 2 5
1461 1 33 39 1 2 5
1495 1 32 38 0 2 5
1528 1 30 38 1 2 5
1559 1 13 47 6 2 3
1573 1 16 39 1 1 5
1590 1 14 47 0 7 3
1605 1 24 21 3 2 5
1630 1 25 3 255 255 45
1656 1 11 10 2 4 3
1668 1 25 27 2 1 16
1694 1 24 41 4 3 2
1719 1 24 27 2 2 16
1744 1 25 41 2 5 2
1770 1 24 27 2 2 16
1795 1 19 41 0 1 2
1815 1 26 40 2 1 14
1842 1 22 42 4 4 2
1865 1 7 40 3 3 4
1873 1 14 50 252 4 4
1888 1 23 41 4 0 2
1912 1 5 41 4 5 2
1918 1 37 28 4 4 16
1956 1 22 28 4 4 16
1979 1 26 27 2 3 16
2006 1 24 38 4 3 16
2031 1 25 38 2 4 16
2057 1 16 28 4 1 15
2074 1 22 28 1 2 15
2097 1 19 37 0 0 6
2117 1 23 28 3 4 15
2141 1 24 28 1 1 16
2166 1 39 28 1 2 16
2206 1 24 27 1 2 16
2231 1 25 38 1 1 16
2257 1 22 28 1 2 15
2280 1 16 48 2 0 2
2297 1 4 47 6 7 3
2302 1 16 48 1 1 2
2319 1 19 6 3 2 26
4030 1 38 38 1 2 5
2873 1 27 27 9 9 11
113 52 24 40 2 2 3
3101 1 48 4 254 255 27
3524 1 49 3 254 254 22
220 52 8 15 2 3 5
229 52 37 7 4 4 19
2413 1 35 36 5 5 5
307 52 48 48 0 0 0
3483 1 40 21 1 4 5
3920 1 41 20 2 2 13
3150 1 41 20 2 2 13
3750 1 42 31 2 1 7
138 52 39 39 3 3 4
2615 1 38 40 3 4 3
178 52 41 29 2 2 8
2555 1 41 30 2 2 7
2726 1 42 43 1 2 1
2494 1 42 42 1 2 2
3440 1 42 41 1 2 2
1 52 27 43 9 9 1
2339 1 45 47 0 0 0
2537 1 17 43 28 0 1
2597 1 17 43 0 28 1
3280 1 41 38 2 2 6
3091 1 9 9 18 18 19
356 52 48 48 0 0 0
3574 1 43 43 1 1 1
3618 1 43 43 1 1 1
2682 1 43 43 1 1 1
69 52 43 43 1 1 1
3662 1 43 40 1 1 2
3706 1 43 39 1 1 5
3046 1 44 41 1 0 2
3400 1 39 38 2 4 6
3962 1 38 38 3 4 5
3322 1 33 39 6 6 4
3356 1 43 43 1 1 2
2449 1 44 43 0 1 1
3237 1 42 44 1 2 1
3192 1 44 41 1 0 2
267 52 39 40 3 3 4
4001 1 28 40 8 9 3
2856 1 16 39 10 19 5
3793 1 26 39 8 11 4
2797 1 27 39 8 10 4
3820 1 7 26 19 19 10
2385 1 27 41 9 9 3
3828 1 29 39 9 7 4
2938 1 32 40 6 7 4
3858 1 27 38 9 9 5
2654 1 27 39 10 8 5
2769 1 27 39 10 8 4
2901 1 36 39 4 5 5
3016 1 29 40 9 7 4
2825 1 30 40 9 6 4
3886 1 33 39 5 7 5
2971 1 44 38 0 1 5
29 52 39 10 3 3 18
